[[-0.37134485  0.30846423  0.81597356 ..., -0.6213797  -1.28818825
  -0.33285283]
 [-0.84819684  1.47654524 -1.12849721 ..., -0.13490601  0.15794557
   0.91756083]
 [ 0.49068968  0.41787985 -1.31041981 ...,  0.02416745  0.12216017
   0.79795222]
 ..., 
 [ 0.35013401  0.39342614 -1.41740847 ...,  1.34559199 -1.08795519
   1.01443933]
 [-0.14259132  0.10288639  0.21547031 ..., -1.17644658 -1.62075773
  -0.36507209]
 [-0.15415122  0.0498919  -0.55725046 ...,  0.09103559  0.76076274
   1.66686836]]
